intrinsic:
1325.690261769601 0.0 553.1556157370884 
0.0 1367.3288227404416 182.56908622597493 
0.0 0.0 1.0 
distortion:
-0.4857521147642576 10.964409726684197 -0.05144712523787051 0.0005210757172194578 -68.30879268048109 
