intrinsic:
1424.2318482674852 0.0 449.0725701246762 
0.0 1811.0337384683644 392.66644017660394 
0.0 0.0 1.0 
distortion:
-5.346957481764807 21.87141441584036 -0.0408045128765832 0.5311573058490217 -48.121152901478524 
